

Please enter the lowest student number in your group: 


Units for the values: V, mA, kOhm, mS and uF


Values:  R1 = 1.03072692971 
R2 = 2.04226425806 
R3 = 3.0688170216 
R4 = 4.05270471362 
R5 = 3.02435731236 
R6 = 2.00636438424 
R7 = 1.00139132898 
Vs = 5.12172133899 
C = 1.02895565957 
Kb = 7.055575377 
Kd = 8.29386916403 



