

Please enter the lowest student number in your group: 


Units for the values: V, mA, kOhm, mS and uF


Values:  R1 = 1.04490470805 
R2 = 2.08464750603 
R3 = 3.03678013424 
R4 = 4.15294361292 
R5 = 3.05329325135 
R6 = 2.06081152743 
R7 = 1.01250984825 
Vs = 5.10195527191 
C = 1.01578667355 
Kb = 7.10536152912 
Kd = 8.06124412054 



